         0   0.0339814    265.1879     0.03398129 0.03441489 0.03376471 0.03376471      0.0679628             0
 0.1066667   0.0264728    265.7273     0.03196124 0.03240295 0.03088288 0.03088288     0.05800529     0.5018553
 0.2133333  0.02025635    266.2872     0.03001448 0.03088018 0.02815178 0.02815178      0.0495559     0.4767266
      0.32   0.0150045      266.82     0.02819325 0.02968916 0.02566561 0.02566561      0.0423079     0.4626506
 0.4266667  0.01083557    267.1139     0.02611689 0.02805711 0.02356611 0.02356611     0.03616213     0.4461755
 0.5333333  0.008005588    267.4371     0.02471521 0.02656097 0.02147441 0.02147441     0.03156184     0.4303391
      0.64  0.006275295    267.6291     0.02300687 0.02502045 0.01945284 0.01945284     0.02800854      0.398235
 0.7466667  0.005201943    267.5915     0.02147242 0.02320796 0.01765537 0.01765537     0.02519973     0.3719147
 0.8533333  0.004520199    267.5735     0.01981742  0.0214785 0.01601157 0.01601157     0.02284996     0.3608618
      0.96  0.004118366    267.5041     0.01850933  0.0197546 0.01429975 0.01429975     0.02083422     0.3440137
  1.066667  0.003790489    267.5136     0.01725304 0.01848759 0.01313967 0.01313967     0.01929548     0.3052622
  1.173333  0.003510402    267.5327     0.01645167 0.01740296 0.01216395 0.01216395     0.01805603     0.2974856
      1.28  0.003327447     267.437     0.01544901 0.01644722 0.01131525 0.01131525     0.01695913     0.2819989
  1.386667  0.003138168    267.3993     0.01455558 0.01534593 0.01055171 0.01055171      0.0158894     0.2802332
  1.493333  0.002972143     267.335     0.01370011  0.0144836 0.009845594 0.009845594     0.01494087     0.2800113
       1.6  0.002835571    267.2763      0.0130253 0.01370272 0.00913937 0.00913937     0.01408726     0.2624426
  1.706667  0.00276711    267.2311     0.01234424 0.01297056 0.008493841 0.008493841     0.01334273     0.2539889
  1.813333  0.002666163    267.2187     0.01183945 0.01233415 0.007935655 0.007935655     0.01267739     0.2607015
      1.92  0.002574912    267.1965     0.01121854 0.01168801 0.007367238 0.007367238     0.01198517      0.261916
  2.026667  0.002530779    267.1829     0.01066065  0.0111884 0.006765042 0.006765042     0.01137556      0.251619
  2.133333  0.002486372    267.1549      0.0101138  0.0107598 0.006365201 0.006365201     0.01088737     0.2406596
      2.24  0.002441396    267.1491     0.009567967 0.01042954 0.006075554 0.006075554     0.01047855     0.2385122
  2.346667  0.002366166    267.1616     0.009359505 0.01008063 0.005808933 0.005808933     0.01013067     0.2339711
  2.453333  0.002328372    267.1413     0.009143189 0.009621367 0.005554927 0.005554927     0.009796974     0.2222222
      2.56  0.002258952    267.0955     0.008927583 0.009298303 0.005341085 0.005341085     0.009485966     0.2223475
  2.666667  0.002219884    267.0867     0.008683196 0.009043489 0.005127879 0.005127879     0.009215495     0.2200555
  2.773333  0.002171765    267.0824     0.008377628 0.008685819 0.004881803 0.004881803     0.008878528     0.2148162
      2.88  0.002155054    267.0677     0.008190463 0.008504468 0.004632814 0.004632814     0.008645194     0.2116768
  2.986667  0.002113353    267.0648     0.007936883  0.0083116 0.004411403 0.004411403     0.008381176     0.2240473
  3.093333  0.002079635    267.0129     0.007699971 0.008161126 0.004238023 0.004238023     0.00816392     0.2113043
       3.2  0.002032316    266.9924     0.007556841 0.007872843 0.004020087 0.004020087     0.00789978     0.2133598
  3.306667  0.002054346    266.9667     0.007340762 0.007573483 0.003836806 0.003836806     0.00770131     0.2010391
  3.413333  0.002028123     266.965     0.007238153 0.007279834 0.003586498 0.003586498     0.007450869     0.2177056
      3.52  0.001985281    266.9737     0.007128926  0.0070612 0.00350487 0.00350487     0.007285248     0.2057466
  3.626667  0.001956201    266.9536     0.006950454 0.006920397 0.003384627 0.003384627     0.007116227     0.2052381
  3.733333  0.001910369    266.9196     0.006795112 0.006687746 0.00328628 0.00328628     0.006924224     0.2084578
      3.84  0.001904365    266.9564     0.006732013 0.006497344 0.003121903 0.003121903     0.006772656     0.2042327
  3.946667  0.00189375    266.9466     0.006467384 0.006427476 0.003033812 0.003033812     0.006634372     0.1959827
  4.053333  0.001854458    266.9361     0.006273845 0.006279633 0.002969699 0.002969699     0.006477677     0.2039241
      4.16  0.001848204    266.9487     0.006027524 0.006141895 0.002915434 0.002915434     0.006348276     0.2010169
  4.266667  0.001813896    266.9196     0.005941284 0.006055897 0.002873144 0.002873144     0.006249763     0.1933072
  4.373333  0.001801439    266.9306     0.005826739 0.005932838 0.002764913 0.002764913     0.006123789     0.1957011
      4.48  0.001815151    266.9256     0.005650047 0.005757822 0.002709436 0.002709436     0.006021836     0.2001126
  4.586667  0.001737857    266.9201     0.005578996 0.005700621 0.002697362 0.002697362     0.005906443     0.1946504
  4.693333  0.00177282    266.8978     0.005435324 0.005657693 0.002631943 0.002631943     0.005862046     0.1898393
       4.8  0.001744232       266.9     0.005390036 0.00559891 0.002482972 0.002482972     0.005732955     0.2097731
  4.906667  0.001730326    266.8609     0.005320676 0.005493576 0.002440966 0.002440966     0.005654372     0.1914854
  5.013333  0.00171171    266.8627     0.005180952 0.005444554 0.002404201 0.002404201     0.005570187     0.1944077
      5.12  0.00171744    266.8509     0.005025926 0.005361963 0.002340611 0.002340611     0.005484717     0.1882046
  5.226667  0.001681268    266.8574     0.005001116 0.005273742 0.002300253 0.002300253     0.005400109     0.1881867
  5.333333  0.001665877    266.8462     0.004871898 0.005162318 0.002245231 0.002245231     0.005297046     0.1925912
      5.44  0.001656121    266.8434     0.004800692 0.00505915 0.002213672 0.002213672     0.005227917     0.1906279
  5.546667  0.001659038    266.8376     0.004659645 0.004971288 0.002191201 0.002191201     0.005162372     0.1895721
  5.653333  0.001642194    266.8367     0.00464536 0.004908645 0.002182745 0.002182745     0.005122068     0.1904718
      5.76  0.001633115    266.8485     0.004609082 0.004865111 0.002093356 0.002093356     0.005048341     0.1900215
  5.866667  0.00162759     266.836     0.004568281 0.004835066 0.002057223 0.002057223     0.005007039     0.1854601
  5.973333  0.001601174    266.8238     0.004504241 0.004735677 0.002031281 0.002031281     0.004926794     0.1925647
      6.08  0.001592907    266.8191     0.004416171 0.004719864 0.001994074 0.001994074     0.004873953      0.177065
  6.186667  0.001614003    266.8202     0.004359341 0.004639871 0.001974004 0.001974004     0.004850808     0.1786288
  6.293333  0.001570503    266.8027     0.004313786 0.004614252 0.001858369 0.001858369     0.004731697     0.1832994
       6.4  0.001577768    266.8009     0.004292123 0.004543874 0.001844509 0.001844509     0.004709021      0.180816
  6.506667  0.001521938    266.8026     0.004246802 0.004529478 0.001801334 0.001801334     0.004616674      0.183294
  6.613333  0.001523207    266.7978     0.004191995 0.004451279 0.001786004 0.001786004     0.004577027     0.1771466
      6.72  0.001527507    266.7923     0.004168344  0.0044338 0.001774863 0.001774863     0.004565474     0.1851234
  6.826667  0.001523633    266.7803     0.004196712 0.004376776 0.00175103 0.00175103     0.00454252     0.1737897
  6.933333  0.001526257    266.7774     0.004130821 0.004388222 0.00172506 0.00172506     0.004518547     0.1735678
      7.04  0.001505911    266.7971     0.004152309 0.004355589 0.001695607 0.001695607     0.00448069     0.1806488
  7.146667  0.001523688    266.7896     0.004094614 0.004347907 0.001696194 0.001696194     0.004482415     0.1803848
  7.253333  0.001491141    266.7739     0.004074129 0.004259833 0.001680256 0.001680256     0.00441476     0.1812663
      7.36  0.001476561    266.7947     0.003943496 0.004268341 0.001671087 0.001671087     0.004365064     0.1767411
  7.466667  0.001463872     266.775     0.003865799 0.004207723 0.001671855 0.001671855     0.00431818     0.1774209
  7.573333  0.001437378    266.7645     0.003872159 0.004162978 0.001668395 0.001668395     0.00428036     0.1735576
      7.68  0.001443147    266.7541     0.003828123 0.004160616 0.001654082 0.001654082     0.004267373     0.1673656
  7.786667  0.001461704    266.7567     0.003762391 0.004117553 0.001612449 0.001612449     0.004237914     0.1786649
  7.893333  0.001468418    266.7571     0.003704567 0.004076214 0.001607459 0.001607459     0.004217343     0.1843126
         8  0.001419171      266.74     0.003740653 0.00401427 0.001621293 0.001621293     0.004168548     0.1767197
  8.106667  0.001463329    266.7358     0.003615033 0.004046652 0.00160153 0.00160153     0.004179515     0.1663265
  8.213333  0.001442924    266.7357     0.003624219 0.004042666 0.00160048 0.00160048     0.004159885     0.1735099
      8.32  0.001430585    266.7194     0.003613171 0.004000506 0.001594977 0.001594977     0.004131493     0.1717331
  8.426667  0.001402476    266.7363     0.003573799 0.004012401 0.001601797 0.001601797     0.004099925     0.1640544
  8.533333   0.0013933    266.7256     0.003552641 0.004009315  0.0016106  0.0016106     0.00408909     0.1714367
      8.64  0.00140557    266.7241     0.003499648  0.0040217 0.00160183 0.00160183     0.004086822     0.1798421
  8.746667  0.001427052    266.7134     0.003472396 0.004004689 0.001597892 0.001597892     0.004095269     0.1744577
  8.853333  0.001403911    266.7271     0.003468801 0.003943115 0.00160045 0.00160045     0.004057115     0.1799112
      8.96  0.001380615    266.7126     0.003429468 0.003884073 0.001586824 0.001586824     0.004002412      0.173097
  9.066667  0.001405471    266.7374     0.003423536 0.003867594 0.001565948 0.001565948     0.004011228      0.169446
  9.173333  0.00139687    266.7396     0.003429563 0.003785174 0.001568851 0.001568851     0.00398498     0.1612205
      9.28  0.001393241    266.7222     0.003394793 0.003734922 0.001563838 0.001563838     0.003957589     0.1692365
  9.386667  0.001382068    266.7293     0.003355666 0.003693389 0.001545275 0.001545275     0.003916969     0.1671995
  9.493333  0.001404065    266.7294     0.003342313 0.003718832 0.001529016 0.001529016     0.003933859     0.1680823
       9.6  0.001362605    266.7314     0.003338215 0.003710573 0.001534903 0.001534903     0.003892254     0.1747118
  9.706667  0.001367394    266.7113     0.003347715 0.003698921 0.001513065 0.001513065     0.003885585     0.1665121
  9.813333  0.001360322    266.7168     0.00336899 0.003719826 0.001519856 0.001519856     0.003892455     0.1736753
      9.92  0.001393271     266.705     0.003356009 0.00370065 0.001513533 0.001513533     0.003914202     0.1746107
  10.02667  0.001371582    266.6851     0.003378831 0.003664927 0.001527584 0.001527584     0.003896314     0.1746598
  10.13333  0.001351399    266.6889     0.003343649 0.003577592 0.001509022 0.001509022     0.00383622     0.1670549
     10.24  0.001376865    266.7029     0.003234681 0.003572965 0.001527246 0.001527246     0.003842399     0.1613936
  10.34667  0.001409209    266.7018     0.003238116 0.003616553 0.001501818 0.001501818     0.003873785     0.1841344
  10.45333  0.001381504    266.7112     0.00320487 0.003592378 0.001486992 0.001486992     0.003824312     0.1804143
     10.56  0.001350209    266.6859     0.003231389 0.003533226 0.001472359 0.001472359     0.003777542     0.1660558
  10.66667  0.001346892    266.6951     0.00322353 0.003494205 0.001472247 0.001472247     0.003762449     0.1719963
  10.77333  0.001364573    266.6962     0.003218365 0.003493691 0.001494461 0.001494461     0.003789818     0.1746733
