         0  0.04341128    281.7275     0.04995916 0.04895011 0.04961606 0.02511979     0.08682256             0
 0.1066667  0.03559074    281.7329      0.0443344 0.04473159 0.04587926  0.0238387     0.07528673     0.4912264
 0.2133333  0.02933623    281.7826     0.03998573 0.04074802 0.04237735   0.023321     0.06594426     0.4802986
      0.32  0.02451848    281.8059     0.03547728 0.03662763 0.03904571 0.02318411     0.05810216     0.4583333
 0.4266667  0.02083376     281.713     0.03137628 0.03352868 0.03555627 0.02313128     0.05173189      0.441271
 0.5333333  0.01773991    281.6452     0.02798769 0.03048225 0.03288307 0.02321615     0.04638219     0.4169694
      0.64  0.01526617     281.587     0.02507817 0.02739265 0.02955738 0.02302126     0.04152853     0.3798888
 0.7466667  0.01309704    281.5044     0.02236819 0.02521644 0.02746873 0.02280416     0.03756141     0.3576786
 0.8533333  0.01114192    281.5012     0.02005782 0.02315362 0.02515038 0.02297101     0.03397512      0.337863
      0.96  0.00982226    281.4437      0.0175307 0.02153175 0.02288708 0.02304106     0.03106991     0.3238494
  1.066667  0.008861564    281.4414     0.01518587 0.01970187 0.02090285 0.02272796      0.0284912     0.2953817
  1.173333  0.008039502    281.4613     0.01377533 0.01798964  0.0192024 0.02285247     0.02649446     0.2640261
      1.28  0.007441409    281.4122     0.01255892  0.0164755 0.01763525 0.02292223     0.02483938     0.2639232
  1.386667  0.006764488    281.4265     0.01146333 0.01556118 0.01627753 0.02301432     0.02334358     0.2380238
  1.493333  0.006256856    281.3977     0.01037739 0.01475919 0.01488402 0.02294293     0.02199774     0.2354202
       1.6  0.00577235    281.4067     0.009515158  0.0142611 0.01347864 0.02331286     0.02091429     0.2174856
  1.706667  0.005462897    281.4222     0.008743957 0.01339077 0.01240527 0.02333187     0.01993086     0.2092979
  1.813333  0.005101771    281.4191     0.007571607 0.01285142  0.0115229 0.02346849     0.01895537     0.2026034
      1.92  0.004811582     281.424     0.006948957 0.01232288 0.01062656 0.02342633     0.01814276     0.1802595
  2.026667  0.004589137    281.4395     0.006632128 0.01167998 0.009566274 0.02329245     0.01738185     0.1747773
  2.133333  0.004423971    281.4458     0.006148113  0.0113029 0.008994232 0.02317087       0.016828     0.1675084
      2.24   0.0041819     281.441     0.005776059 0.01094468 0.008701464 0.02319683     0.01633666     0.1775905
  2.346667  0.004021283    281.4545     0.005583367 0.01063018 0.008269094 0.02308416     0.01591298     0.1603332
  2.453333  0.003902746    281.4515     0.005099592 0.01032169 0.007629754 0.02312985     0.01544797     0.1558258
      2.56  0.003705796    281.4661     0.005016808 0.01001247 0.00724513 0.02317619     0.01506844     0.1521169
  2.666667  0.003597447    281.4659     0.004583616 0.009771728 0.007047217 0.02304576     0.01470953     0.1396601
  2.773333  0.003428006    281.4835     0.004414891 0.009653715 0.006776876 0.02305077     0.01440207     0.1415822
      2.88  0.003320585     281.484     0.004253673 0.009472775 0.006461404 0.02298268     0.01411322     0.1332649
  2.986667  0.00322805    281.4738     0.004143134 0.009211353 0.006181749 0.02284864     0.01382427     0.1293168
  3.093333  0.003163953    281.4775     0.003917545 0.009027991 0.005891321 0.02268651     0.01354479     0.1263598
       3.2  0.003085519    281.4652     0.003825454 0.00882325 0.005615781 0.02257503      0.0132954     0.1274833
  3.306667  0.002992526     281.467     0.003788765 0.008673523 0.005423001 0.02248821      0.0130859     0.1239474
  3.413333  0.002936767    281.4675     0.003643297 0.008529512 0.005101604 0.02241784     0.01285983     0.1300706
      3.52  0.002863653    281.4614     0.003497929 0.008255981 0.005001613  0.0223108     0.01263023     0.1251625
  3.626667  0.00278633    281.4688     0.003395237 0.008164543 0.004868332 0.02233146     0.01247622     0.1161645
  3.733333  0.002760652    281.4655     0.003261172 0.008051528 0.004693354 0.02230523     0.01233847     0.1078772
      3.84  0.002682585    281.4743     0.003137196 0.007970816 0.004534065 0.02241128     0.01219592     0.1121703
  3.946667  0.002652213    281.4693     0.003121173 0.007878684 0.004316077  0.0223188      0.0120609     0.1132996
  4.053333  0.002627092    281.4703     0.003051609 0.007713555 0.00415876 0.02227368     0.01192649     0.1139716
      4.16  0.002570706    281.4761     0.002996927 0.00759945 0.003868726 0.02224888      0.0117492     0.1163288
  4.266667  0.002547417    281.4723     0.002876367 0.00751397 0.003745608 0.02220016     0.01163144     0.1068449
  4.373333  0.002500361    281.4766     0.002850927 0.007420151 0.003712517 0.02211224     0.01152432      0.109954
      4.48  0.002458688    281.4804     0.002789653 0.007357699 0.003548933 0.02214979     0.01142021     0.1004024
  4.586667  0.002412406    281.4722     0.002684601 0.007299296 0.003511728 0.02209655     0.01131045    0.09811108
  4.693333  0.002406451    281.4778     0.002645054 0.007222513 0.003407061 0.02205236      0.0112382     0.1001797
       4.8  0.002356275    281.4834     0.00261666 0.007177906 0.003307484 0.02203861     0.01114144     0.1073594
  4.906667  0.002335464    281.4839     0.002574532 0.007113584 0.003188551 0.02202751     0.01106151    0.09921114
  5.013333  0.002253774    281.4881     0.002587314 0.007154386 0.00308608 0.02205086     0.01097343     0.0964249
      5.12  0.002262764    281.4847     0.002438472 0.007103803 0.003003004 0.02204672     0.01091076     0.1017409
  5.226667  0.002214306    281.4803     0.002483388 0.007081489 0.002965255 0.02198697     0.01084358     0.0991025
  5.333333  0.00220069    281.4868     0.002403482 0.007070328 0.00291262 0.02195788     0.01078677     0.1007228
      5.44  0.002159225    281.4818     0.002371102 0.007040131 0.002842638  0.0218906     0.01069534    0.09983943
  5.546667  0.002113924    281.4932     0.002395885 0.006900904 0.002799415 0.02186579     0.01060442     0.1028699
  5.653333  0.002107267    281.4858     0.002214937 0.006728579 0.002701958 0.02188316     0.01048943     0.1001991
      5.76  0.002088692    281.4879     0.002206032 0.006640064 0.002658658  0.0218199     0.01041985    0.09669614
  5.866667  0.002064089    281.4919     0.002173975 0.006564158 0.002588693 0.02174526     0.01033211    0.09914435
  5.973333  0.00203731    281.4842     0.002174838 0.006582807 0.002528885 0.02165131     0.01027177     0.1045111
      6.08  0.002029004    281.4828     0.002130527 0.006518766 0.002488186  0.0216671     0.01023015    0.09558203
  6.186667   0.0020127    281.4817     0.002107003 0.006473493 0.002474698 0.02158633     0.01017308    0.09441215
  6.293333  0.001976187    281.4816     0.002120732 0.006450982 0.002434982 0.02158531     0.01012419    0.09014138
       6.4  0.001957352    281.4899     0.002085545 0.006454093 0.002368465 0.02157722     0.01007868    0.09723912
  6.506667  0.001940749    281.4901     0.00208074 0.006452417 0.002359513  0.0215653     0.01005524    0.09466517
  6.613333  0.001913477    281.4901     0.002052082 0.006444086 0.002313285 0.02150662     0.009992496    0.09408323
      6.72  0.001905205     281.482     0.002021017 0.006400094 0.002294877 0.02145256     0.009947341     0.1013291
  6.826667   0.0018722     281.488      0.0020232 0.006362524 0.00226545 0.02147404     0.009903504    0.08814787
  6.933333  0.001854558    281.4852     0.002038648 0.006301512 0.002214842 0.02141152     0.009846189    0.09273253
      7.04  0.001835963     281.487     0.002034478 0.006311387 0.002207958 0.02134085     0.00980963    0.09956913
  7.146667  0.001833663    281.4865     0.001958399 0.006239021 0.002165227 0.02133397     0.009757817    0.09462226
  7.253333  0.001819398    281.4846     0.001958936 0.006229082 0.002120852 0.02128296     0.009717355    0.08742961
      7.36  0.001830518    281.4776     0.001851874 0.006224886 0.002136865  0.0212031     0.009684699    0.08774711
  7.466667  0.001813327    281.4812     0.001805282 0.006198638 0.002134338 0.02120905     0.009650153     0.0959729
  7.573333  0.001798131    281.4799     0.001744074 0.006163067 0.002114825 0.02115188     0.009591591    0.09329337
      7.68  0.001772929    281.4865     0.001768612 0.006147979 0.002096324 0.02113108     0.009558929      0.093292
  7.786667  0.001779003    281.4815     0.001689747 0.006072559 0.002085151 0.02108513     0.009512149    0.08268637
  7.893333  0.00172608    281.4822     0.001725444 0.006036392 0.002045431 0.02111646     0.00945701    0.08656716
         8  0.001730961    281.4783     0.001725312 0.005991544 0.001952757 0.02111667     0.009427531    0.09251267
  8.106667   0.0017226    281.4829     0.00173205 0.005921924 0.001805114 0.02108697     0.009359113    0.08262928
  8.213333  0.001717782    281.4786     0.001675653 0.005909538 0.001794578 0.02104089     0.009322945    0.09071152
      8.32  0.001702865    281.4769     0.001682035 0.00590665 0.001739595 0.02095698     0.00927418    0.08813017
  8.426667  0.001694518    281.4712     0.001630637 0.005886919 0.001753563 0.02090128     0.009237619    0.08634386
  8.533333  0.001684154    281.4748     0.001626452 0.005863654 0.001727538 0.02086207     0.009204082     0.0887585
      8.64  0.001694548    281.4724     0.001545659 0.005878065 0.001738549 0.02078901     0.00918237    0.08632551
  8.746667  0.001683924    281.4727     0.001557686 0.005825917 0.001709023 0.02079485     0.009155793    0.08775548
  8.853333  0.001671495    281.4673     0.001549232 0.005791748 0.001686732 0.02079291     0.009126651    0.08544304
      8.96  0.001668094    281.4699     0.00154789 0.005736185 0.001693296 0.02078489     0.009108659    0.09000465
  9.066667  0.001653514    281.4691     0.00155252 0.005684583 0.001680252 0.02079286     0.009081068    0.09132893
  9.173333  0.001664591     281.464     0.001508099 0.005555691 0.001684113 0.02072211     0.009032095    0.08816403
      9.28  0.001642147    281.4707     0.00153417 0.005499679 0.001671881 0.02070958     0.008995975    0.09237787
  9.386667  0.001634559    281.4632     0.001551006 0.005471352 0.001687285 0.02064198     0.008972466    0.09140339
  9.493333  0.001604219    281.4675     0.001546044 0.005472667 0.001642124 0.02063937     0.008929271    0.08505683
       9.6  0.001585908    281.4774     0.001573038 0.005460364 0.00162526 0.02062911     0.008907851    0.08525889
  9.706667  0.001572274    281.4722     0.001562482 0.005471027 0.001606698 0.02056828     0.008874397    0.08674289
  9.813333  0.001552132    281.4774     0.001601206 0.005417825 0.001601342 0.02057131     0.008850053    0.08582055
      9.92  0.001551393    281.4742     0.001602108 0.00542649 0.001566857 0.02053958     0.008835151    0.09471733
  10.02667  0.00151618    281.4725     0.001618433 0.005412177 0.001577159 0.02044411     0.00877915    0.08917018
  10.13333  0.001507513    281.4713     0.001580667 0.005400649 0.001552681 0.02043528     0.008749833    0.08342686
     10.24  0.001522332    281.4673     0.001577729 0.005420354 0.001547949 0.02040177     0.008759282    0.08211783
  10.34667  0.001501084    281.4729     0.001581971 0.005389288 0.001566581 0.02038927     0.008732861    0.07946462
  10.45333  0.001492495    281.4712     0.001565924 0.005355794 0.001577903 0.02035194     0.008705385    0.08078808
     10.56  0.001462958     281.479     0.001560961 0.005354254 0.001552145 0.02037717     0.008674089    0.08158486
  10.66667  0.001464003    281.4735     0.001557303 0.005365353 0.001538318 0.02033961     0.008664148     0.0776204
  10.77333  0.001435993    281.4753     0.001573237 0.00529292 0.001531297 0.02032852     0.008617485    0.08766385
