         0   0.0330717    205.0932     0.03388094 0.03268821 0.03264595          0      0.0661434             0
     0.104  0.02494378    206.3825     0.03216468 0.03069432 0.03097855          0     0.05622296     0.5006731
     0.208  0.01749426    207.7573     0.03093041 0.02910884 0.02945446          0      0.0473255     0.4928846
     0.312  0.01190897    208.7165      0.0299336 0.02738909  0.0279685          0     0.04033937     0.4678846
     0.416  0.008212921    209.4944     0.02814721 0.02614972 0.02646878          0     0.03513483     0.4476923
      0.52  0.00604834     210.082     0.02628065  0.0244059 0.02478205          0     0.03120454     0.4213462
     0.624  0.004920499    210.2024     0.02440418 0.02238865 0.02301015          0     0.02818816     0.3819231
     0.728  0.004175974    210.2646     0.02229703 0.02040381 0.02118793          0     0.02547223     0.3568269
     0.832  0.003653962     210.247     0.02027118  0.0188388 0.01956321          0     0.02321169     0.3442308
     0.936  0.003237742     210.246     0.01862603 0.01734584 0.01814463          0     0.02127658     0.3185577
      1.04  0.003036761     210.222     0.01714912 0.01603646 0.01677526          0     0.01969037     0.2841346
     1.144  0.002813443    210.2136      0.0160971 0.01493076 0.01563127          0     0.01836649     0.2586538
     1.248  0.002633898    210.2115      0.0152054 0.01395365 0.01460386          0     0.01722153     0.2522115
     1.352  0.002522521    210.2169     0.01429375 0.01302988 0.01383236          0     0.01624119     0.2366346
