256
0    11.5335    0
0.0109169    2088.75    0
0.0223882    3643.75    0
0.0344418    5023.6    0
0.0471074    6298.61    0
0.0604161    7500.69    0
0.0744005    8647.78    0
0.089095    9751.16    0
0.104535    10818.4    0
0.12076    11854.8    0
0.137808    12864.3    0
0.155722    13849.7    0
0.174545    14813    0
0.194324    15755.8    0
0.215107    16679.2    0
0.236946    17584.1    0
0.259893    18470.9    0
0.284005    19340    0
0.309342    20191.5    0
0.335965    21025.4    0
0.363939    21841.7    0
0.393334    22640.1    0
0.424222    23420.3    0
0.456677    24182    0
0.490781    24924.8    0
0.526616    25648.2    0
0.56427    26351.7    0
0.603836    27034.8    0
0.645411    27697    0
0.689097    28337.9    0
0.735001    28956.7    0
0.783236    29553.1    0
0.833919    30126.6    0
0.887176    30676.6    0
0.943137    31202.7    0
1.00194    31704.6    0
1.06373    32181.8    0
1.12865    32634    0
1.19687    33061    0
1.26856    33462.5    0
1.34388    33838.3    0
1.42303    34188.4    0
1.5062    34512.7    0
1.59359    34811.2    0
1.68541    35084.1    0
1.7819    35331.3    0
1.88329    35553.3    0
1.98983    35750.1    0
2.10177    35922.2    0
2.2194    36069.9    0
2.343    36193.6    0
2.47288    36293.9    0
2.60935    36371.3    0
2.75275    36426.3    0
2.90343    36459.5    0
3.06176    36471.5    0
3.22813    36463.1    0
3.40294    36434.9    0
3.58663    36387.5    0
3.77965    36321.6    0
3.98247    36238    0
4.19559    36137.2    0
4.41952    36020    0
4.65483    35886.9    0
4.90208    35738.6    0
5.16189    35575.8    0
5.43488    35398.8    0
5.72174    35208.4    0
6.02316    35004.9    0
6.33989    34788.8    0
6.6727    34560.6    0
7.0224    34320.5    0
7.38986    34069    0
7.77598    33806.4    0
8.1817    33532.8    0
8.60802    33248.6    0
9.05598    32954    0
9.52669    32649.1    0
10.0213    32334.1    0
10.541    32009.1    0
11.0871    31674.2    0
11.661    31329.6    0
12.2639    30975.4    0
12.8975    30611.7    0
13.5633    30238.5    0
14.2628    29856.1    0
14.9979    29464.5    0
15.7703    29063.8    0
16.5819    28654.4    0
17.4347    28236.3    0
18.3308    27809.7    0
19.2724    27375    0
20.2619    26932.4    0
21.3015    26482.1    0
22.394    26024.7    0
23.5419    25560.4    0
24.7481    25089.6    0
26.0155    24612.9    0
27.3473    24130.6    0
28.7467    23643.4    0
30.2171    23151.6    0
31.7622    22656    0
33.3858    22157.1    0
35.0918    21655.5    0
36.8844    21151.8    0
38.768    20646.7    0
40.7472    20140.8    0
42.827    19634.8    0
45.0123    19129.3    0
47.3086    18625.1    0
49.7215    18122.6    0
52.2569    17622.7    0
54.921    17125.9    0
57.7203    16632.7    0
60.6618    16144    0
63.7527    15660    0
67.0005    15181.6    0
70.4132    14709    0
73.9991    14243    0
77.7671    13783.8    0
81.7264    13331.9    0
85.8868    12887.7    0
90.2584    12451.6    0
94.8519    12023.9    0
99.6787    11604.9    0
104.75    11194.8    0
110.08    10793.9    0
115.68    10402.3    0
121.564    10020.2    0
127.747    9647.75    0
134.244    9285.01    0
141.071    8932.05    0
148.244    8588.89    0
155.782    8255.56    0
163.702    7932.04    0
172.024    7618.28    0
180.769    7314.22    0
189.958    7019.78    0
199.614    6734.86    0
209.759    6459.35    0
220.42    6193.11    0
231.622    5935.99    0
243.393    5687.83    0
255.762    5448.48    0
268.758    5217.74    0
282.415    4995.43    0
296.765    4781.35    0
311.843    4575.32    0
327.687    4377.11    0
344.335    4186.53    0
361.829    4003.37    0
380.21    3827.4    0
399.525    3658.43    0
419.821    3496.24    0
441.147    3340.61    0
463.556    3191.34    0
487.103    3048.21    0
511.845    2911.03    0
537.843    2779.58    0
565.162    2653.66    0
593.867    2533.09    0
624.03    2417.65    0
655.724    2307.18    0
689.028    2201.47    0
724.022    2100.35    0
760.793    2003.65    0
799.431    1911.18    0
840.031    1822.79    0
882.692    1738.31    0
927.519    1657.59    0
974.622    1580.47    0
1024.12    1506.81    0
1076.12    1436.46    0
1130.77    1369.28    0
1188.2    1305.15    0
1248.53    1243.92    0
1311.94    1185.49    0
1378.56    1129.73    0
1448.56    1076.52    0
1522.12    1025.76    0
1599.41    977.328    0
1680.63    931.136    0
1765.97    887.081    0
1855.64    845.068    0
1949.86    805.006    0
2048.87    766.808    0
2152.91    730.391    0
2262.23    695.675    0
2377.1    662.583    0
2497.8    631.041    0
2624.63    600.98    0
2757.9    572.331    0
2897.93    545.03    0
3045.08    519.015    0
3199.7    494.227    0
3362.16    470.61    0
3532.88    448.109    0
3712.26    426.673    0
3900.75    406.253    0
4098.81    386.801    0
4306.93    368.273    0
4525.61    350.624    0
4755.4    333.815    0
4996.85    317.805    0
5250.56    302.558    0
5517.16    288.037    0
5797.29    274.209    0
6091.64    261.04    0
6400.93    248.5    0
6725.93    236.559    0
7067.44    225.189    0
7426.28    214.362    0
7803.33    204.054    0
8199.54    194.238    0
8615.86    184.893    0
9053.31    175.995    0
9512.98    167.523    0
9995.99    159.457    0
10503.5    151.778    0
11036.8    144.467    0
11597.2    137.507    0
12186    130.88    0
12804.7    124.571    0
13454.9    118.564    0
14138    112.845    0
14855.8    107.399    0
15610.1    102.214    0
16402.7    97.2763    0
17235.5    92.5741    0
18110.6    88.0955    0
19030.1    83.8292    0
19996.3    79.7642    0
21011.6    75.8902    0
22078.4    72.1969    0
23199.4    68.6743    0
24377.3    65.3126    0
25615    62.1024    0
26915.5    59.0338    0
28282.1    56.0974    0
29718.1    53.2833    0
31226.9    50.5814    0
32812.4    47.9812    0
34478.4    45.4716    0
36228.9    43.0406    0
38068.3    40.6751    0
40001.2    38.3607    0
42032.1    36.081    0
44166.2    33.8178    0
46408.6    31.5495    0
48764.9    29.2515    0
51240.8    26.8947    0
53842.4    24.4449    0
56576.1    21.8612    0
59448.7    19.0949    0
62467    16.0875    0
65638.6    12.7686    0
