         0   0.0378533    222.7437     0.03757767 0.03884123 0.03749715 0.03749715      0.0757066             0
 0.1066667  0.02983151    224.1622     0.03569065 0.03671565 0.03488469 0.03488469     0.06537543      0.496794
 0.2133333  0.02260994    225.6636     0.03383616 0.03499464 0.03242817 0.03242817     0.05603172     0.4909191
      0.32  0.01730617    226.8551     0.03264096 0.03352626 0.02976331 0.02976331     0.04872964     0.4784458
 0.4266667  0.01320551     227.806     0.03151432 0.03192471 0.02742111 0.02742111     0.04277583      0.473308
 0.5333333   0.0104969    228.4243     0.03005031 0.03035699 0.02512314 0.02512314     0.03816029      0.434807
      0.64  0.008478403    228.9476      0.0286279 0.02861448 0.02293559 0.02293559     0.03425679      0.427805
 0.7466667  0.007096063    229.3104     0.02691504  0.0269737 0.02082646 0.02082646     0.03098148      0.392837
 0.8533333  0.006119946     229.563     0.02539664  0.0252793 0.01920115 0.01920115      0.0283895     0.3759018
      0.96  0.005494407    229.7427     0.02390234 0.02360196 0.01733899 0.01733899     0.02603998     0.3612565
  1.066667  0.005108235    229.8244     0.02269005 0.02209174  0.0158893  0.0158893     0.02424834     0.3292752
  1.173333  0.00480791    229.8898     0.02138833 0.02092645 0.01456642 0.01456642     0.02266981     0.3233499
      1.28  0.004508912    229.9219       0.020217 0.01985287 0.01355683 0.01355683      0.0213048     0.3161875
  1.386667  0.00432305     229.907     0.01934243 0.01894697  0.0125647  0.0125647     0.02017775     0.3021778
  1.493333  0.004135872    229.9104     0.01877054 0.01818019 0.01170694 0.01170694     0.01922703     0.2939082
       1.6  0.004003168    229.9437     0.01811126 0.01733513 0.01102783 0.01102783     0.01837868     0.2844892
  1.706667  0.003882262    229.9332     0.01746711 0.01663142 0.01027663 0.01027663     0.01754521     0.2801542
  1.813333  0.003761676    229.9294     0.01676641 0.01590703 0.009632738 0.009632738      0.0167464     0.2800075
      1.92  0.003647778    229.9123      0.0162945 0.01527209 0.009101458 0.009101458     0.01609016     0.2687706
  2.026667  0.003510877    229.8892        0.01581 0.01481838 0.008619353 0.008619353     0.01547765     0.2565543
  2.133333  0.003373235    229.8624     0.01531081 0.01435586 0.008269743 0.008269743     0.01492477     0.2427423
      2.24  0.003288202    229.8729     0.01484739 0.01396891 0.00780048 0.00780048     0.01439252     0.2500462
  2.346667  0.00325374    229.8799     0.01442004 0.01355546 0.007441481 0.007441481     0.01396836     0.2428073
  2.453333  0.003196419    229.8852     0.01406101 0.01317787 0.00709361 0.00709361     0.01355294     0.2398812
      2.56  0.003109584     229.851     0.01376357 0.01273928 0.006877332 0.006877332     0.01317396     0.2407563
  2.666667  0.003045795    229.8272     0.01346739 0.01235797 0.006603243 0.006603243     0.01280376       0.22644
  2.773333  0.003022907    229.8303     0.01318989 0.01206994 0.006442701 0.006442701     0.01255921     0.2319442
      2.88  0.002906087    229.8496     0.01299152 0.01186872 0.006193596 0.006193596     0.01221795     0.2383042
  2.986667  0.002860594    229.8199     0.01263317 0.01145479 0.005956955 0.005956955     0.01186106     0.2246024
  3.093333  0.002797755    229.8049     0.01252089  0.0111871 0.005683789 0.005683789     0.01156665     0.2179634
       3.2  0.002776914    229.8105     0.01232834 0.01098347 0.005473818 0.005473818     0.01134178      0.219519
  3.306667  0.002735487    229.7758     0.01209289 0.01068979 0.00531662 0.00531662     0.01108947     0.2155464
  3.413333  0.00266715    229.7835     0.01181495 0.01054988 0.005228306 0.005228306     0.01087251     0.2200877
      3.52  0.002614728    229.7849     0.01159482 0.01043412 0.005120124 0.005120124     0.01068202     0.2041451
  3.626667  0.002545903    229.7837     0.01144166 0.01024537 0.005033158 0.005033158     0.01048424      0.213026
  3.733333  0.002504943    229.7883     0.01129597  0.0101738 0.004914962 0.004914962     0.01032987     0.1962959
      3.84  0.002488378    229.7694     0.01112732 0.01004499 0.004853541 0.004853541     0.01020822     0.1942203
  3.946667  0.002438119    229.7511     0.01098253 0.009929102 0.00477101 0.00477101     0.01005153     0.2089105
  4.053333  0.002416807    229.7297     0.01078014 0.009771514 0.004670114 0.004670114     0.009889777     0.2055079
      4.16  0.002372789    229.7466     0.01051733 0.00965508 0.004609968 0.004609968     0.009720876     0.2024471
  4.266667  0.002343009    229.7296     0.01041086 0.009529964 0.004544916 0.004544916     0.009600674     0.1937884
  4.373333  0.002320238    229.7222     0.01030064 0.009418542 0.004510803 0.004510803     0.009505435      0.204454
      4.48  0.002281021    229.7116     0.01031133 0.009367175 0.004453412 0.004453412     0.009427352     0.1951403
  4.586667  0.002259884    229.6925      0.0101986 0.009301146 0.004396147 0.004396147     0.009332895     0.1929185
  4.693333  0.002243803     229.702     0.01017044 0.009231645 0.004366041 0.004366041     0.009277345     0.1919902
       4.8  0.002172541    229.7005     0.01011206 0.00917758 0.004276698 0.004276698     0.009133301     0.1919685
  4.906667  0.002195506    229.6859     0.01010975 0.009085699 0.004236431 0.004236431     0.009112584       0.19523
  5.013333  0.00219636    229.6816     0.01003933 0.00899166 0.004208577 0.004208577     0.009058397     0.1939071
      5.12  0.002165493    229.6765     0.009963401 0.008849294 0.004177254 0.004177254     0.008957294     0.1889823
  5.226667  0.00214596    229.6791     0.009864558 0.008814523 0.004100972 0.004100972     0.008866216     0.1992383
  5.333333  0.00207601    229.6887     0.009746617 0.008869889 0.004070821 0.004070821     0.008765547     0.1992474
      5.44  0.002027311     229.683     0.009683907 0.008835523 0.004042551 0.004042551     0.008678444     0.1815135
  5.546667  0.002060165    229.6684     0.009618242 0.008722018 0.004012386 0.004012386     0.008651423     0.1827544
  5.653333  0.002047123    229.6705     0.009501019 0.008718205 0.003982311 0.003982311     0.008593084     0.1822976
      5.76  0.002052898    229.6483     0.009463744 0.008742953 0.003950287 0.003950287     0.008579715      0.185017
  5.866667  0.002015051    229.6494     0.00936995 0.008688173 0.003932324 0.003932324     0.008495743     0.1926623
  5.973333  0.001967429    229.6653     0.009379394 0.008616359 0.003908735 0.003908735     0.008420735     0.1856018
      6.08  0.001975302     229.653     0.009262012 0.008523328 0.00386199 0.00386199     0.008352632     0.1799659
  6.186667  0.001954512    229.6408     0.009230905 0.008432606 0.003832818 0.003832818     0.008286799      0.178827
  6.293333  0.001926791    229.6413     0.009181922 0.008407939 0.003807994 0.003807994     0.008228253     0.1815367
       6.4  0.001914666    229.6515     0.009117512 0.008327483 0.003784595 0.003784595     0.008168213     0.1730518
  6.506667  0.00191421    229.6321     0.008976467 0.008272499 0.003752655 0.003752655     0.00810278     0.1832818
  6.613333  0.001901211     229.651     0.008942099 0.008258512 0.003749508 0.003749508     0.008076117     0.1942991
      6.72  0.001857824    229.6399     0.008916451 0.008206881 0.003733674 0.003733674     0.008005494     0.1857857
  6.826667  0.001833297    229.6367     0.008894957 0.008161682 0.00374546 0.00374546     0.007970187     0.1872772
  6.933333  0.001824849    229.6371     0.008912339 0.008082468 0.00372726 0.00372726     0.00793718     0.1905073
      7.04  0.001830747    229.6208     0.00892086 0.008027289 0.003717525 0.003717525     0.007926547     0.1935636
  7.146667  0.001770212    229.6049     0.008864376 0.008014587 0.003681203 0.003681203     0.007830555     0.1825045
  7.253333  0.001770237    229.6134     0.008853724 0.007936521 0.00367529 0.00367529     0.007805443     0.1803976
      7.36  0.001777882    229.6019     0.008834635 0.00793721 0.003644453 0.003644453     0.00779307     0.1727547
  7.466667  0.00174394    229.6207     0.00885647 0.007955482 0.00361279 0.00361279     0.007753322     0.1818182
  7.573333  0.001734862    229.6325     0.008850265 0.00793513 0.003625488 0.003625488     0.007743955     0.1695375
      7.68  0.001733865    229.6374     0.00875418 0.007917982 0.003586937 0.003586937     0.007695374     0.1815529
  7.786667  0.001695518    229.6272     0.008693303 0.00782987 0.00350546 0.00350546     0.007579042     0.1764817
  7.893333  0.001673337    229.6294     0.008632676 0.00787593 0.003490074 0.003490074     0.007545526     0.1795351
         8  0.001664302    229.6147     0.008600412 0.007855522 0.003463764 0.003463764     0.007510168     0.1789081
  8.106667  0.001638739    229.6197     0.008553406 0.007827924 0.003437866 0.003437866     0.007453004     0.1763805
  8.213333  0.001661007    229.6103     0.008579243 0.007807198 0.00342321 0.00342321     0.007469222     0.1789435
      8.32  0.001656912    229.5907     0.008532229 0.007823084 0.003401697 0.003401697     0.007446588     0.1752694
  8.426667  0.001662864     229.603     0.008491046 0.007748519 0.003406977 0.003406977     0.007426244     0.1878191
  8.533333  0.001646333    229.5793     0.008465089 0.007733566 0.003369611 0.003369611     0.007380802     0.1813413
      8.64  0.001627994    229.5872     0.008420585 0.007674974 0.00336712 0.00336712     0.007335444     0.1730986
  8.746667  0.001604444    229.6036     0.008446582 0.007672416 0.003363538 0.003363538     0.007315963     0.1765369
  8.853333  0.001599893    229.6007     0.008352767 0.00768693 0.00335691 0.00335691     0.007288272     0.1776445
      8.96  0.001626799    229.5865     0.008318634 0.007663901 0.003347171 0.003347171     0.007296019     0.1772625
  9.066667  0.00158533    229.5817     0.008290632 0.007717693 0.003359297 0.003359297     0.00726706     0.1744998
  9.173333  0.00160499    229.5637     0.008200813 0.007729795 0.003353394 0.003353394     0.007264339      0.165806
      9.28  0.001561991    229.5752     0.008258714 0.00777181 0.00334914 0.00334914     0.007244192     0.1787715
  9.386667  0.001596771    229.5721     0.008234712 0.007793816 0.00331607 0.00331607     0.007261938     0.1805776
  9.493333  0.001573075    229.5621     0.008220901 0.007721655 0.003300264 0.003300264     0.007208846     0.1682287
       9.6  0.001559606    229.5621     0.008176043 0.00771618 0.003320114 0.003320114     0.007192718     0.1753356
  9.706667  0.001569284    229.5596     0.008053742 0.007677643 0.00330054 0.00330054     0.007152401     0.1678105
  9.813333  0.001584874    229.5668     0.008039978 0.007682188 0.003293766 0.003293766     0.007162299     0.1729486
      9.92  0.001556804    229.5626     0.00805548 0.007685792 0.003274648 0.003274648     0.007129446     0.1839849
  10.02667  0.001556494    229.5771     0.007929678 0.007735634 0.003270476 0.003270476     0.00710806     0.1792135
  10.13333  0.001570719    229.5691     0.007900493 0.00767247 0.003266929 0.003266929     0.007097425     0.1698345
     10.24  0.001555047    229.5783     0.007806171 0.007700688 0.003284834 0.003284834     0.007074178     0.1820366
  10.34667  0.001551891    229.5678     0.007832799 0.007675409 0.003277315 0.003277315      0.0070676     0.1689463
  10.45333  0.001533484     229.576     0.007763698 0.007679111 0.003264594 0.003264594     0.007026484     0.1685852
     10.56  0.001543232    229.5579     0.007759786 0.007682985 0.003246516 0.003246516     0.007027182     0.1713002
  10.66667  0.001548807    229.5752     0.007768936 0.007691365 0.003239544 0.003239544     0.007033655     0.1661001
  10.77333  0.001553558     229.561     0.007731128 0.007657713 0.003252573 0.003252573     0.007027054     0.1721667
