256
0    1.12023    0
0.0101858    1847.25    0
0.0208888    3140.55    0
0.0321352    4251.73    0
0.0439526    5254.45    0
0.05637    6182.06    0
0.0694178    7053.33    0
0.0831281    7880.17    0
0.0975345    8670.69    0
0.112672    9430.71    0
0.128579    10164.6    0
0.145293    10875.6    0
0.162856    11566.5    0
0.18131    12239.4    0
0.200701    12895.9    0
0.221077    13537.4    0
0.242487    14164.9    0
0.264985    14779.2    0
0.288625    15380.9    0
0.313464    15970.8    0
0.339566    16549.4    0
0.366992    17117.1    0
0.395811    17674.4    0
0.426093    18221.5    0
0.457912    18758.7    0
0.491347    19286.3    0
0.52648    19804.5    0
0.563396    20313.1    0
0.602187    20812.2    0
0.642947    21302.1    0
0.685777    21782.7    0
0.730781    22254    0
0.77807    22716    0
0.82776    23168.8    0
0.879973    23612.2    0
0.934837    24045.7    0
0.992487    24469    0
1.05306    24882.5    0
1.11672    25286.3    0
1.1836    25680.1    0
1.25388    26063.2    0
1.32773    26435.3    0
1.40532    26796.3    0
1.48686    27145.8    0
1.57254    27483.3    0
1.66257    27808.1    0
1.75716    28119.4    0
1.85656    28416.5    0
1.96101    28699.3    0
2.07076    28967.3    0
2.18609    29218.7    0
2.30726    29452.3    0
2.43459    29667.8    0
2.56839    29864.3    0
2.70898    30041.1    0
2.85671    30197.9    0
3.01193    30333.5    0
3.17504    30446.4    0
3.34643    30535.5    0
3.52652    30601.2    0
3.71576    30642.3    0
3.9146    30656.9    0
4.12354    30645.3    0
4.34309    30606.9    0
4.57378    30541.4    0
4.81619    30449.3    0
5.0709    30329.1    0
5.33855    30182    0
5.61978    30009.7    0
5.9153    29811.1    0
6.22581    29588.4    0
6.5521    29342.5    0
6.89495    29073.6    0
7.25521    28784.3    0
7.63375    28476.9    0
8.03152    28154.4    0
8.44949    27817.3    0
8.88867    27466.3    0
9.35015    27105.9    0
9.83507    26739.2    0
10.3446    26366.2    0
10.88    25989.8    0
11.4426    25613.8    0
12.0337    25239.1    0
12.6549    24867.3    0
13.3076    24498.5    0
13.9935    24133.2    0
14.7141    23773.8    0
15.4714    23421    0
16.2671    23074.6    0
17.1032    22734.3    0
17.9817    22399.3    0
18.9049    22069.2    0
19.8749    21743.8    0
20.8942    21422    0
21.9652    21103.3    0
23.0906    20787.8    0
24.2732    20473.7    0
25.5158    20159.3    0
26.8214    19843.6    0
28.1934    19526.2    0
29.635    19206.4    0
31.1499    18883.5    0
32.7416    18557.5    0
34.4141    18227.9    0
36.1716    17894.6    0
38.0183    17557.2    0
39.9588    17215.8    0
41.9977    16870.7    0
44.1403    16522.4    0
46.3915    16171    0
48.7571    15816.4    0
51.2428    15459.1    0
53.8547    15099.5    0
56.5992    14738.1    0
59.4831    14375.3    0
62.5133    14011.8    0
65.6975    13648    0
69.0433    13284.4    0
72.5589    12921.7    0
76.2531    12560.4    0
80.1348    12201    0
84.2136    11844    0
88.4995    11489.9    0
93.003    11139.2    0
97.7351    10792.4    0
102.708    10449.9    0
107.932    10112    0
113.423    9779.19    0
119.191    9451.81    0
125.253    9130.18    0
131.623    8814.58    0
138.316    8505.26    0
145.349    8202.47    0
152.738    7906.39    0
160.504    7617.19    0
168.663    7335.02    0
177.236    7059.98    0
186.245    6792.16    0
195.712    6531.62    0
205.658    6278.4    0
216.11    6032.52    0
227.093    5793.95    0
238.633    5562.68    0
250.759    5338.67    0
263.501    5121.84    0
276.89    4912.13    0
290.958    4709.45    0
305.741    4513.68    0
321.274    4324.73    0
337.596    4142.47    0
354.747    3966.76    0
372.768    3797.47    0
391.705    3634.45    0
411.603    3477.56    0
432.511    3326.64    0
454.481    3181.54    0
477.566    3042.09    0
501.823    2908.14    0
527.312    2779.52    0
554.095    2656.07    0
582.238    2537.63    0
611.809    2424.04    0
642.882    2315.14    0
675.533    2210.77    0
709.842    2110.77    0
745.892    2015    0
783.773    1923.3    0
823.577    1835.52    0
865.402    1751.52    0
909.35    1671.15    0
955.53    1594.28    0
1004.05    1520.78    0
1055.04    1450.5    0
1108.62    1383.33    0
1164.92    1319.14    0
1224.07    1257.81    0
1286.23    1199.23    0
1351.55    1143.27    0
1420.18    1089.83    0
1492.29    1038.81    0
1568.07    990.11    0
1647.7    943.622    0
1731.36    899.255    0
1819.28    856.919    0
1911.66    816.526    0
2008.73    777.991    0
2110.72    741.233    0
2217.9    706.174    0
2330.52    672.738    0
2448.85    640.855    0
2573.2    610.454    0
2703.85    581.47    0
2841.15    553.839    0
2985.41    527.5    0
3136.99    502.394    0
3296.27    478.465    0
3463.64    455.661    0
3639.51    433.929    0
3824.31    413.22    0
4018.49    393.488    0
4222.52    374.688    0
4436.92    356.776    0
4662.2    339.711    0
4898.92    323.455    0
5147.66    307.97    0
5409.03    293.219    0
5683.67    279.169    0
5972.25    265.786    0
6275.49    253.041    0
6594.12    240.902    0
6928.92    229.341    0
7280.73    218.332    0
7650.4    207.848    0
8038.84    197.864    0
8447    188.357    0
8875.88    179.304    0
9326.54    170.685    0
9800.08    162.477    0
10297.7    154.663    0
10820.5    147.223    0
11369.9    140.139    0
11947.2    133.395    0
12553.8    126.974    0
13191.2    120.861    0
13860.9    115.042    0
14564.7    109.502    0
15304.2    104.228    0
16081.2    99.2074    0
16897.7    94.4284    0
17755.6    89.8792    0
18657.1    85.549    0
19604.4    81.4273    0
20599.8    77.5043    0
21645.7    73.7704    0
22744.7    70.2169    0
23899.5    66.8351    0
25113    63.6171    0
26388    60.555    0
27727.8    57.6419    0
29135.6    54.8707    0
30614.9    52.2351    0
32169.3    49.7289    0
33802.6    47.3466    0
35518.8    45.0829    0
37322.2    42.9328    0
39217.2    40.8919    0
41208.3    38.9563    0
43300.6    37.1222    0
45499    35.3867    0
47809.1    33.7472    0
50236.5    32.2019    0
52787.1    30.7494    0
55467.3    29.3893    0
58283.5    28.1221    0
61242.7    26.8884    0
