256
0    12.8875    0
0.0101858    2414.49    0
0.0208888    4267.46    0
0.0321352    5941.78    0
0.0439526    7512.57    0
0.05637    9014.03    0
0.0694178    10465.5    0
0.0831281    11879.2    0
0.0975345    13263.4    0
0.112672    14623.9    0
0.128579    15965.1    0
0.145293    17290.2    0
0.162856    18601.6    0
0.18131    19901.1    0
0.200701    21190.1    0
0.221077    22469.5    0
0.242487    23739.8    0
0.264985    25001.3    0
0.288625    26254    0
0.313464    27498    0
0.339566    28733    0
0.366992    29958.9    0
0.395811    31175    0
0.426093    32380.8    0
0.457912    33575.6    0
0.491347    34758.7    0
0.52648    35929.1    0
0.563396    37085.6    0
0.602187    38227.2    0
0.642947    39352.7    0
0.685777    40460.8    0
0.730781    41550.3    0
0.77807    42619.7    0
0.82776    43667.7    0
0.879973    44692.7    0
0.934837    45692.6    0
0.992487    46665.6    0
1.05306    47610.8    0
1.11672    48526.5    0
1.1836    49411    0
1.25388    50261.8    0
1.32773    51077.4    0
1.40532    51855.9    0
1.48686    52595.5    0
1.57254    53294.2    0
1.66257    53949.8    0
1.75716    54560.3    0
1.85656    55123.8    0
1.96101    55638.7    0
2.07076    56103.6    0
2.18609    56515.6    0
2.30726    56872.6    0
2.43459    57173.8    0
2.56839    57417.6    0
2.70898    57602.9    0
2.85671    57729.2    0
3.01193    57795.1    0
3.17504    57799.3    0
3.34643    57741    0
3.52652    57621.2    0
3.71576    57439.3    0
3.9146    57194.4    0
4.12354    56888.1    0
4.34309    56521    0
4.57378    56094.4    0
4.81619    55610.6    0
5.0709    55070    0
5.33855    54475.9    0
5.61978    53832.1    0
5.9153    53139.9    0
6.22581    52403.8    0
6.5521    51627.2    0
6.89495    50812.9    0
7.25521    49965.8    0
7.63375    49090.8    0
8.03152    48193.2    0
8.44949    47275.6    0
8.88867    46341.1    0
9.35015    45396.3    0
9.83507    44446.1    0
10.3446    43492    0
10.88    42538.9    0
11.4426    41591.6    0
12.0337    40652.2    0
12.6549    39723.3    0
13.3076    38805.8    0
13.9935    37901    0
14.7141    37011.8    0
15.4714    36139.4    0
16.2671    35283.9    0
17.1032    34445.1    0
17.9817    33622.6    0
18.9049    32816    0
19.8749    32025.5    0
20.8942    31249.9    0
21.9652    30488.7    0
23.0906    29742.1    0
24.2732    29008.4    0
25.5158    28285.9    0
26.8214    27573.8    0
28.1934    26871.7    0
29.635    26179    0
31.1499    25495.1    0
32.7416    24820    0
34.4141    24153.5    0
36.1716    23495.1    0
38.0183    22844.8    0
39.9588    22202.4    0
41.9977    21568.5    0
44.1403    20943.3    0
46.3915    20326.6    0
48.7571    19718.6    0
51.2428    19119.3    0
53.8547    18529.2    0
56.5992    17948.3    0
59.4831    17377.1    0
62.5133    16815.7    0
65.6975    16264.5    0
69.0433    15723.7    0
72.5589    15193.5    0
76.2531    14674.1    0
80.1348    14165.8    0
84.2136    13668.8    0
88.4995    13183.2    0
93.003    12709    0
97.7351    12246.5    0
102.708    11795.6    0
107.932    11356.5    0
113.423    10929.2    0
119.191    10513.6    0
125.253    10109.8    0
131.623    9717.8    0
138.316    9337.43    0
145.349    8968.64    0
152.738    8611.34    0
160.504    8265.39    0
168.663    7930.67    0
177.236    7607.02    0
186.245    7294.27    0
195.712    6992.23    0
205.658    6700.72    0
216.11    6419.51    0
227.093    6148.41    0
238.633    5887.19    0
250.759    5635.61    0
263.501    5393.44    0
276.89    5160.44    0
290.958    4936.38    0
305.741    4720.99    0
321.274    4514.04    0
337.596    4315.28    0
354.747    4124.45    0
372.768    3941.32    0
391.705    3765.64    0
411.603    3597.16    0
432.511    3435.64    0
454.481    3280.85    0
477.566    3132.55    0
501.823    2990.51    0
527.312    2854.51    0
554.095    2724.33    0
582.238    2599.74    0
611.809    2480.55    0
642.882    2366.54    0
675.533    2257.51    0
709.842    2153.28    0
745.892    2053.64    0
783.773    1958.42    0
823.577    1867.43    0
865.402    1780.52    0
909.35    1697.5    0
955.53    1618.21    0
1004.05    1542.51    0
1055.04    1470.24    0
1108.62    1401.26    0
1164.92    1335.41    0
1224.07    1272.58    0
1286.23    1212.63    0
1351.55    1155.44    0
1420.18    1100.88    0
1492.29    1048.84    0
1568.07    999.203    0
1647.7    951.872    0
1731.36    906.739    0
1819.28    863.708    0
1911.66    822.684    0
2008.73    783.576    0
2110.72    746.298    0
2217.9    710.767    0
2330.52    676.904    0
2448.85    644.632    0
2573.2    613.879    0
2703.85    584.575    0
2841.15    556.654    0
2985.41    530.052    0
3136.99    504.707    0
3296.27    480.562    0
3463.64    457.562    0
3639.51    435.652    0
3824.31    414.782    0
4018.49    394.904    0
4222.52    375.97    0
4436.92    357.938    0
4662.2    340.765    0
4898.92    324.41    0
5147.66    308.835    0
5409.03    294.003    0
5683.67    279.879    0
5972.25    266.43    0
6275.49    253.624    0
6594.12    241.43    0
6928.92    229.82    0
7280.73    218.766    0
7650.4    208.241    0
8038.84    198.22    0
8447    188.68    0
8875.88    179.597    0
9326.54    170.95    0
9800.08    162.717    0
10297.7    154.88    0
10820.5    147.42    0
11369.9    140.317    0
11947.2    133.556    0
12553.8    127.12    0
13191.2    120.994    0
13860.9    115.162    0
14564.7    109.611    0
15304.2    104.327    0
16081.2    99.2968    0
16897.7    94.5093    0
17755.6    89.9525    0
18657.1    85.6154    0
19604.4    81.4874    0
20599.8    77.5587    0
21645.7    73.8198    0
22744.7    70.2616    0
23899.5    66.8756    0
25113    63.6537    0
26388    60.5882    0
27727.8    57.6719    0
29135.6    54.8978    0
30614.9    52.2596    0
32169.3    49.7511    0
33802.6    47.3666    0
35518.8    45.1009    0
37322.2    42.949    0
39217.2    40.9065    0
41208.3    38.9692    0
43300.6    37.1337    0
45499    35.3969    0
47809.1    33.7561    0
50236.5    32.2094    0
52787.1    30.7557    0
55467.3    29.3943    0
58283.5    28.1258    0
61242.7    26.8907    0
