256
0    81584.5    0
0.0101858    81416.2    0
0.0208888    81229.4    0
0.0321352    81033.9    0
0.0439526    80829.6    0
0.05637    80616.1    0
0.0694178    80392.9    0
0.0831281    80159.9    0
0.0975345    79916.6    0
0.112672    79662.6    0
0.128579    79397.6    0
0.145293    79121.2    0
0.162856    78833.1    0
0.18131    78532.9    0
0.200701    78220.3    0
0.221077    77894.8    0
0.242487    77555.9    0
0.264985    77203    0
0.288625    76835.8    0
0.313464    76453.7    0
0.339566    76056.5    0
0.366992    75643.8    0
0.395811    75215.1    0
0.426093    74770.1    0
0.457912    74308.3    0
0.491347    73829.6    0
0.52648    73333.4    0
0.563396    72819.3    0
0.602187    72286.7    0
0.642947    71735.6    0
0.685777    71165.5    0
0.730781    70576    0
0.77807    69967    0
0.82776    69338.2    0
0.879973    68689.3    0
0.934837    68019.4    0
0.992487    67328.4    0
1.05306    66616.6    0
1.11672    65884.1    0
1.1836    65130.4    0
1.25388    64355.2    0
1.32773    63558.2    0
1.40532    62739.7    0
1.48686    61899.4    0
1.57254    61037.5    0
1.66257    60153.4    0
1.75716    59247.3    0
1.85656    58319    0
1.96101    57369.1    0
2.07076    56398.1    0
2.18609    55405.1    0
2.30726    54390.1    0
2.43459    53354.1    0
2.56839    52297.5    0
2.70898    51221    0
2.85671    50125.9    0
3.01193    49012.6    0
3.17504    47881.4    0
3.34643    46733.1    0
3.52652    45569.9    0
3.71576    44392.7    0
3.9146    43201.5    0
4.12354    41999    0
4.34309    40786.5    0
4.57378    39566    0
4.81619    38339.9    0
5.0709    37108.9    0
5.33855    35876.3    0
5.61978    34645.5    0
5.9153    33417.2    0
6.22581    32195.3    0
6.5521    30982.2    0
6.89495    29779.2    0
7.25521    28590.1    0
7.63375    27418    0
8.03152    26266.5    0
8.44949    25136.5    0
8.88867    24028.9    0
9.35015    22948.2    0
9.83507    21897    0
10.3446    20875    0
10.88    19884.5    0
11.4426    18928.5    0
12.0337    18007.1    0
12.6549    17121    0
13.3076    16269.2    0
13.9935    15451.4    0
14.7141    14668.7    0
15.4714    13921.2    0
16.2671    13207.5    0
17.1032    12526.7    0
17.9817    11877.3    0
18.9049    11258    0
19.8749    10668.2    0
20.8942    10106.1    0
21.9652    9570.61    0
23.0906    9061.62    0
24.2732    8577.11    0
25.5158    8115.17    0
26.8214    7674.43    0
28.1934    7254.1    0
29.635    6853.15    0
31.1499    6470.52    0
32.7416    6105.53    0
34.4141    5757.57    0
36.1716    5425.78    0
38.0183    5109.38    0
39.9588    4807.68    0
41.9977    4520.28    0
44.1403    4247.02    0
46.3915    3987.24    0
48.7571    3740.26    0
51.2428    3505.65    0
53.8547    3282.99    0
56.5992    3071.86    0
59.4831    2871.86    0
62.5133    2682.58    0
65.6975    2503.63    0
69.0433    2334.62    0
72.5589    2175.16    0
76.2531    2024.88    0
80.1348    1883.41    0
84.2136    1750.39    0
88.4995    1625.44    0
93.003    1508.18    0
97.7351    1398.27    0
102.708    1295.35    0
107.932    1199.09    0
113.423    1109.14    0
119.191    1025.17    0
125.253    946.882    0
131.623    873.949    0
138.316    806.076    0
145.349    742.973    0
152.738    684.361    0
160.504    629.969    0
168.663    579.541    0
177.236    532.827    0
186.245    489.592    0
195.712    449.61    0
205.658    412.667    0
216.11    378.557    0
227.093    347.089    0
238.633    318.079    0
250.759    291.354    0
263.501    266.751    0
276.89    244.117    0
290.958    223.309    0
305.741    204.19    0
321.274    186.634    0
337.596    170.523    0
354.747    155.746    0
372.768    142.201    0
391.705    129.79    0
411.603    118.425    0
432.511    108.022    0
454.481    98.505    0
477.566    89.8017    0
501.823    81.8461    0
527.312    74.577    0
554.095    67.9377    0
582.238    61.876    0
611.809    56.3436    0
642.882    51.296    0
675.533    46.6924    0
709.842    42.4949    0
745.892    38.6689    0
783.773    35.1826    0
823.577    32.0067    0
865.402    29.1143    0
909.35    26.4808    0
955.53    24.0836    0
1004.05    21.902    0
1055.04    19.9171    0
1108.62    18.1115    0
1164.92    16.4693    0
1224.07    14.9761    0
1286.23    13.6185    0
1351.55    12.3845    0
1420.18    11.2631    0
1492.29    10.244    0
1568.07    9.3182    0
1647.7    8.47717    0
1731.36    7.71326    0
1819.28    7.01951    0
1911.66    6.38955    0
2008.73    5.81757    0
2110.72    0    0
2217.9    0    0
2330.52    0    0
2448.85    0    0
2573.2    0    0
2703.85    0    0
2841.15    0    0
2985.41    0    0
3136.99    0    0
3296.27    0    0
3463.64    0    0
3639.51    0    0
3824.31    0    0
4018.49    0    0
4222.52    0    0
4436.92    0    0
4662.2    0    0
4898.92    0    0
5147.66    0    0
5409.03    0    0
5683.67    0    0
5972.25    0    0
6275.49    0    0
6594.12    0    0
6928.92    0    0
7280.73    0    0
7650.4    0    0
8038.84    0    0
8447    0    0
8875.88    0    0
9326.54    0    0
9800.08    0    0
10297.7    0    0
10820.5    0    0
11369.9    0    0
11947.2    0    0
12553.8    0    0
13191.2    0    0
13860.9    0    0
14564.7    0    0
15304.2    0    0
16081.2    0    0
16897.7    0    0
17755.6    0    0
18657.1    0    0
19604.4    0    0
20599.8    0    0
21645.7    0    0
22744.7    0    0
23899.5    0    0
25113    0    0
26388    0    0
27727.8    0    0
29135.6    0    0
30614.9    0    0
32169.3    0    0
33802.6    0    0
35518.8    0    0
37322.2    0    0
39217.2    0    0
41208.3    0    0
43300.6    0    0
45499    0    0
47809.1    0    0
50236.5    0    0
52787.1    0    0
55467.3    0    0
58283.5    0    0
61242.7    0    0
