500
0.0145551 153.126
0.0436653 50.6326
0.0727755 31.1052
0.101886 22.6461
0.130996 17.9292
0.160106 14.9317
0.189216 12.8571
0.218326 11.3286
0.247437 10.1636
0.276547 9.24147
0.305657 8.48793
0.334767 7.86401
0.363877 7.33979
0.392988 6.89312
0.422098 6.50645
0.451208 6.16777
0.480318 5.87124
0.509428 5.6087
0.538538 5.37397
0.567649 5.1616
0.596759 4.96935
0.625869 4.79545
0.654979 4.63679
0.684089 4.49106
0.7132 4.35756
0.74231 4.23348
0.77142 4.11805
0.80053 4.01209
0.82964 3.91347
0.858751 3.82349
0.887861 3.73845
0.916971 3.65807
0.946081 3.58183
0.975191 3.50859
1.0043 3.43995
1.03341 3.37538
1.06252 3.315
1.09163 3.25886
1.12074 3.20536
1.14985 3.15519
1.17896 3.10705
1.20807 3.06126
1.23718 3.017
1.26629 2.97484
1.2954 2.9344
1.32451 2.89561
1.35362 2.85932
1.38273 2.82417
1.41184 2.7906
1.44095 2.7586
1.47006 2.72768
1.49917 2.69847
1.52828 2.67054
1.5574 2.64356
1.58651 2.61786
1.61562 2.59263
1.64473 2.56823
1.67384 2.5449
1.70295 2.5223
1.73206 2.50041
1.76117 2.47953
1.79028 2.45914
1.81939 2.43908
1.8485 2.41963
1.87761 2.40103
1.90672 2.38287
1.93583 2.36524
1.96494 2.34859
1.99405 2.33341
2.02316 2.31867
2.05227 2.30437
2.08138 2.29073
2.11049 2.27683
2.1396 2.26331
2.16871 2.25017
2.19782 2.23742
2.22693 2.2243
2.25604 2.21153
2.28515 2.1991
2.31426 2.18741
2.34337 2.17624
2.37248 2.1653
2.40159 2.15465
2.4307 2.14433
2.45981 2.13468
2.48892 2.12488
2.51803 2.11534
2.54714 2.10604
2.57625 2.09717
2.60536 2.08812
2.63447 2.07921
2.66358 2.07052
2.69269 2.06203
2.7218 2.05426
2.75091 2.04679
2.78002 2.03951
2.80913 2.03242
2.83824 2.0255
2.86735 2.01917
2.89646 2.01277
2.92557 2.0065
2.95468 2.0004
2.98379 1.99444
3.0129 1.98868
3.04201 1.98302
3.07112 1.97734
3.10024 1.9718
3.12935 1.9664
3.15846 1.96112
3.18757 1.95635
3.21668 1.95103
3.24579 1.94582
3.2749 1.94073
3.30401 1.93575
3.33312 1.93089
3.36223 1.9264
3.39134 1.92219
3.42045 1.91809
3.44956 1.91409
3.47867 1.91018
3.50778 1.90636
3.53689 1.90319
3.566 1.90014
3.59511 1.89712
3.62422 1.89419
3.65333 1.89134
3.68244 1.88856
3.71155 1.88586
3.74066 1.88286
3.76977 1.87958
3.79888 1.87637
3.82799 1.87322
3.8571 1.87014
3.88621 1.86712
3.91532 1.86425
3.94443 1.86199
3.97354 1.85968
4.00265 1.85742
4.03176 1.85523
4.06087 1.85308
4.08998 1.85099
4.11909 1.84895
4.1482 1.84733
4.17731 1.84542
4.20642 1.84357
4.23553 1.84175
4.26464 1.83998
4.29375 1.83825
4.32286 1.83656
4.35197 1.83505
4.38108 1.83361
4.41019 1.83216
4.4393 1.83076
4.46841 1.82938
4.49752 1.82805
4.52663 1.82674
4.55574 1.82546
4.58485 1.82459
4.61396 1.82409
4.64308 1.82362
4.67219 1.82318
4.7013 1.82276
4.73041 1.82237
4.75952 1.82201
4.78863 1.82167
4.81774 1.82139
4.84685 1.82111
4.87596 1.82054
4.90507 1.81999
4.93418 1.81946
4.96329 1.81894
4.9924 1.81844
5.02151 1.81796
5.05062 1.81749
5.07973 1.8171
5.10884 1.81683
5.13795 1.81657
5.16706 1.81632
5.19617 1.81608
5.22528 1.81586
5.25439 1.81564
5.2835 1.81542
5.31261 1.81522
5.34172 1.81516
5.37083 1.81597
5.39994 1.81673
5.42905 1.81749
5.45816 1.81827
5.48727 1.81905
5.51638 1.81984
5.54549 1.82064
5.5746 1.82144
5.60371 1.82225
5.63282 1.82321
5.66193 1.82384
5.69104 1.82445
5.72015 1.82507
5.74926 1.82569
5.77837 1.82631
5.80748 1.82693
5.83659 1.82755
5.8657 1.82816
5.89481 1.82877
5.92392 1.82951
5.95303 1.83075
5.98214 1.83201
6.01125 1.83327
6.04036 1.83453
6.06947 1.83579
6.09858 1.83705
6.12769 1.8383
6.1568 1.83954
6.18592 1.84078
6.21503 1.84202
6.24414 1.84382
6.27325 1.84575
6.30236 1.84768
6.33147 1.8496
6.36058 1.85152
6.38969 1.85344
6.4188 1.85535
6.44791 1.85726
6.47702 1.85916
6.50613 1.86105
6.53524 1.86293
6.56435 1.86489
6.59346 1.86682
6.62257 1.86873
6.65168 1.87064
6.68079 1.87253
6.7099 1.87442
6.73901 1.87629
6.76812 1.87815
6.79723 1.88
6.82634 1.88183
6.85545 1.88365
6.88456 1.88545
6.91367 1.8877
6.94278 1.89016
6.97189 1.89261
7.001 1.89504
7.03011 1.89747
7.05922 1.89988
7.08833 1.90229
7.11744 1.90467
7.14655 1.90704
7.17566 1.9094
7.20477 1.91174
7.23388 1.91406
7.26299 1.91652
7.2921 1.91937
7.32121 1.9222
7.35032 1.92501
7.37943 1.92781
7.40854 1.93059
7.43765 1.93336
7.46676 1.93611
7.49587 1.93885
7.52498 1.94156
7.55409 1.94426
7.5832 1.94693
7.61231 1.94959
7.64142 1.95239
7.67053 1.95595
7.69964 1.9596
7.72876 1.96325
7.75787 1.96688
7.78698 1.97049
7.81609 1.9741
7.8452 1.97769
7.87431 1.98126
7.90342 1.98482
7.93253 1.98836
7.96164 1.99188
7.99075 1.99539
8.01986 1.99887
8.04897 2.00286
8.07808 2.00715
8.10719 2.01143
8.1363 2.01571
8.16541 2.01997
8.19452 2.02422
8.22363 2.02846
8.25274 2.03268
8.28185 2.03688
8.31096 2.04108
8.34007 2.04525
8.36918 2.04941
8.39829 2.05354
8.4274 2.05766
8.45651 2.06188
8.48562 2.06616
8.51473 2.07041
8.54384 2.07465
8.57295 2.07886
8.60206 2.08306
8.63117 2.08724
8.66028 2.0914
8.68939 2.09554
8.7185 2.09966
8.74761 2.10375
8.77672 2.10782
8.80583 2.11186
8.83494 2.11588
8.86405 2.11987
8.89316 2.12395
8.92227 2.12888
8.95138 2.13396
8.98049 2.13902
9.0096 2.14406
9.03871 2.14909
9.06782 2.15411
9.09693 2.1591
9.12604 2.16408
9.15515 2.16903
9.18426 2.17397
9.21337 2.17888
9.24248 2.18377
9.2716 2.18864
9.30071 2.19348
9.32982 2.1983
9.35893 2.20337
9.38804 2.20945
9.41715 2.21563
9.44626 2.22181
9.47537 2.22797
9.50448 2.23413
9.53359 2.24027
9.5627 2.2464
9.59181 2.25252
9.62092 2.25862
9.65003 2.26471
9.67914 2.27077
9.70825 2.27683
9.73736 2.28286
9.76647 2.28887
9.79558 2.29486
9.82469 2.30083
9.8538 2.30734
9.88291 2.31399
9.91202 2.32063
9.94113 2.32726
9.97024 2.33387
9.99935 2.34048
10.0285 2.34707
10.0576 2.35365
10.0867 2.36021
10.1158 2.36675
10.1449 2.37328
10.174 2.37979
10.2031 2.38628
10.2322 2.39275
10.2613 2.3992
10.2905 2.40563
10.3196 2.41203
10.3487 2.41854
10.3778 2.42572
10.4069 2.43308
10.436 2.44042
10.4651 2.44776
10.4942 2.45508
10.5233 2.46239
10.5524 2.46968
10.5816 2.47697
10.6107 2.48423
10.6398 2.49148
10.6689 2.49871
10.698 2.50593
10.7271 2.51312
10.7562 2.52029
10.7853 2.52745
10.8144 2.53457
10.8435 2.54168
10.8727 2.54875
10.9018 2.55685
10.9309 2.56567
10.96 2.57448
10.9891 2.5833
11.0182 2.59212
11.0473 2.60093
11.0764 2.60973
11.1055 2.61854
11.1346 2.62733
11.1638 2.63612
11.1929 2.6449
11.222 2.65367
11.2511 2.66243
11.2802 2.67118
11.3093 2.67992
11.3384 2.68864
11.3675 2.69735
11.3966 2.70604
11.4257 2.71472
11.4549 2.72394
11.484 2.73387
11.5131 2.74391
11.5422 2.75395
11.5713 2.764
11.6004 2.77405
11.6295 2.7841
11.6586 2.79416
11.6877 2.80421
11.7169 2.81426
11.746 2.82431
11.7751 2.83436
11.8042 2.84441
11.8333 2.85445
11.8624 2.86448
11.8915 2.87451
11.9206 2.88453
11.9497 2.89453
11.9788 2.90453
12.008 2.91452
12.0371 2.92465
12.0662 2.936
12.0953 2.94763
12.1244 2.95927
12.1535 2.97092
12.1826 2.98259
12.2117 2.99426
12.2408 3.00594
12.2699 3.01763
12.2991 3.02933
12.3282 3.04103
12.3573 3.05274
12.3864 3.06445
12.4155 3.07617
12.4446 3.08789
12.4737 3.09961
12.5028 3.11133
12.5319 3.12304
12.561 3.13476
12.5902 3.14647
12.6193 3.15817
12.6484 3.16987
12.6775 3.1828
12.7066 3.19616
12.7357 3.20954
12.7648 3.22295
12.7939 3.23637
12.823 3.24981
12.8521 3.26328
12.8813 3.27676
12.9104 3.29025
12.9395 3.30377
12.9686 3.31729
12.9977 3.33083
13.0268 3.34439
13.0559 3.35796
13.085 3.37153
13.1141 3.38512
13.1433 3.39872
13.1724 3.41232
13.2015 3.42593
13.2306 3.43955
13.2597 3.45316
13.2888 3.46679
13.3179 3.48101
13.347 3.49597
13.3761 3.51106
13.4052 3.52618
13.4344 3.54133
13.4635 3.55651
13.4926 3.57171
13.5217 3.58693
13.5508 3.60218
13.5799 3.61745
13.609 3.63274
13.6381 3.64806
13.6672 3.66339
13.6963 3.67874
13.7255 3.6941
13.7546 3.70948
13.7837 3.72488
13.8128 3.74029
13.8419 3.75572
13.871 3.77115
13.9001 3.7866
13.9292 3.80205
13.9583 3.81752
13.9874 3.83298
14.0166 3.84995
14.0457 3.86772
14.0748 3.88554
14.1039 3.9034
14.133 3.92131
14.1621 3.93925
14.1912 3.95724
14.2203 3.97526
14.2494 3.99333
14.2785 4.01143
14.3077 4.02957
14.3368 4.04775
14.3659 4.06596
14.395 4.0842
14.4241 4.10248
14.4532 4.12079
14.4823 4.13913
14.5114 4.1575
14.5405 4.1759
