256
0    1.08781    0
0.0123054    217.398    0
0.0252356    392.325    0
0.0388222    554.705    0
0.0530987    710.457    0
0.0681001    862.308    0
0.083863    1011.82    0
0.100426    1160.02    0
0.117831    1307.59    0
0.136119    1455.08    0
0.155335    1602.87    0
0.175527    1751.27    0
0.196744    1900.54    0
0.219039    2050.89    0
0.242465    2202.48    0
0.267081    2355.45    0
0.292947    2509.92    0
0.320126    2666    0
0.348685    2823.76    0
0.378694    2983.26    0
0.410226    3144.57    0
0.44336    3307.73    0
0.478175    3472.75    0
0.514759    3639.68    0
0.5532    3808.51    0
0.593592    3979.24    0
0.636036    4151.87    0
0.680634    4326.37    0
0.727497    4502.72    0
0.776739    4680.88    0
0.828481    4860.8    0
0.88285    5042.43    0
0.93998    5225.7    0
1.00001    5410.53    0
1.06309    5596.85    0
1.12937    5784.54    0
1.19901    5973.51    0
1.2722    6163.65    0
1.34909    6354.82    0
1.4299    6546.89    0
1.5148    6739.71    0
1.60402    6933.13    0
1.69776    7126.97    0
1.79626    7321.06    0
1.89977    7515.2    0
2.00853    7709.21    0
2.12281    7902.85    0
2.2429    8095.92    0
2.36908    8288.18    0
2.50167    8479.38    0
2.64099    8669.28    0
2.78739    8857.61    0
2.94121    9044.09    0
3.10285    9228.45    0
3.27269    9410.4    0
3.45116    9589.63    0
3.63869    9765.85    0
3.83574    9938.73    0
4.04279    10108    0
4.26036    10273.2    0
4.48897    10434.2    0
4.72919    10590.5    0
4.98161    10741.8    0
5.24684    10887.9    0
5.52554    11028.3    0
5.81839    11162.7    0
6.12611    11290.8    0
6.44945    11412.3    0
6.78921    11526.9    0
7.14622    11634.1    0
7.52135    11733.8    0
7.91553    11825.6    0
8.32973    11909.2    0
8.76495    11984.4    0
9.22227    12050.9    0
9.70281    12108.4    0
10.2078    12156.8    0
10.7383    12195.9    0
11.2958    12225.4    0
11.8817    12245.2    0
12.4972    12255.2    0
13.144    12255.2    0
13.8237    12245.2    0
14.5379    12225.1    0
15.2883    12195    0
16.0768    12154.7    0
16.9054    12104.4    0
17.776    12044.1    0
18.6908    11973.9    0
19.6521    11893.9    0
20.6622    11804.4    0
21.7236    11705.4    0
22.8388    11597.3    0
24.0107    11480.2    0
25.2421    11354.5    0
26.536    11220.4    0
27.8956    11078.3    0
29.3242    10928.6    0
30.8254    10771.6    0
32.4028    10607.7    0
34.0602    10437.3    0
35.8018    10261    0
37.6319    10079    0
39.5548    9891.97    0
41.5754    9700.25    0
43.6986    9504.36    0
45.9296    9304.78    0
48.2738    9101.97    0
50.7371    8896.42    0
53.3255    8688.59    0
56.0452    8478.96    0
58.9031    8267.99    0
61.906    8056.12    0
65.0614    7843.79    0
68.377    7631.42    0
71.861    7419.42    0
75.5218    7208.18    0
79.3685    6998.07    0
83.4106    6789.44    0
87.6578    6582.62    0
92.1207    6377.93    0
96.8102    6175.66    0
101.738    5976.07    0
106.915    5779.41    0
112.356    5585.91    0
118.073    5395.77    0
124.08    5209.17    0
130.392    5026.29    0
137.025    4847.24    0
143.994    4672.17    0
151.317    4501.17    0
159.012    4334.33    0
167.098    4171.72    0
175.594    4013.38    0
184.522    3859.36    0
193.903    3709.67    0
203.76    3564.33    0
214.118    3423.32    0
225.001    3286.63    0
236.437    3154.24    0
248.454    3026.1    0
261.081    2902.18    0
274.349    2782.41    0
288.291    2666.74    0
302.94    2555.1    0
318.333    2447.41    0
334.508    2343.6    0
351.504    2243.58    0
369.363    2147.27    0
388.129    2054.59    0
407.847    1965.43    0
428.567    1879.71    0
450.338    1797.33    0
473.215    1718.19    0
497.254    1642.21    0
522.513    1569.29    0
549.054    1499.32    0
576.943    1432.22    0
606.248    1367.88    0
637.041    1306.23    0
669.397    1247.16    0
703.396    1190.58    0
739.121    1136.4    0
776.661    1084.55    0
816.106    1034.92    0
857.553    987.444    0
901.106    942.032    0
946.869    898.607    0
994.956    857.09    0
1045.48    817.406    0
1098.58    779.482    0
1154.37    743.248    0
1212.99    708.634    0
1274.59    675.573    0
1339.31    644.002    0
1407.33    613.859    0
1478.79    585.082    0
1553.89    557.614    0
1632.79    531.4    0
1715.7    506.386    0
1802.83    482.518    0
1894.37    459.749    0
1990.57    438.03    0
2091.64    417.314    0
2197.85    397.557    0
2309.46    378.717    0
2426.72    360.754    0
2549.95    343.627    0
2679.43    327.299    0
2815.48    311.735    0
2958.44    296.899    0
3108.66    282.76    0
3266.5    269.284    0
3432.36    256.442    0
3606.64    244.204    0
3789.77    232.544    0
3982.2    221.434    0
4184.4    210.849    0
4396.86    200.764    0
4620.11    191.158    0
4854.7    182.006    0
5101.19    173.289    0
5360.2    164.986    0
5632.37    157.078    0
5918.35    149.545    0
6218.85    142.372    0
6534.6    135.54    0
6866.39    129.033    0
7215.03    122.837    0
7581.36    116.937    0
7966.29    111.318    0
8370.77    105.968    0
8795.79    100.874    0
9242.38    96.0231    0
9711.65    91.4045    0
10204.7    87.0069    0
10722.9    82.8199    0
11267.3    78.8335    0
11839.4    75.038    0
12440.5    71.4243    0
13072.2    67.9838    0
13735.9    64.7082    0
14433.3    61.5895    0
15166.1    58.6202    0
15936.1    55.793    0
16745.3    53.1011    0
17595.5    50.5378    0
18488.8    48.0969    0
19427.6    45.7723    0
20414    43.5582    0
21450.4    41.449    0
22539.5    39.4394    0
23683.9    37.5241    0
24886.4    35.6982    0
26150    33.9566    0
27477.7    32.2946    0
28872.8    30.7074    0
30338.7    29.1902    0
31879.1    27.7384    0
33497.7    26.347    0
35198.5    25.0111    0
36985.6    23.7255    0
38863.4    22.4846    0
40836.6    21.2826    0
42910    20.113    0
45088.6    18.9686    0
47377.9    17.8415    0
49783.4    16.7223    0
52311    15.6008    0
54967    14.4645    0
57757.8    13.2991    0
60690.3    12.0877    0
63771.7    10.8101    0
67009.5    9.44226    0
70411.8    7.95515    0
73986.7    6.31399    0
