256
0    0.153084    0
0.00177144    30.594    0
0.00363281    55.211    0
0.00558869    78.0625    0
0.00764388    99.9811    0
0.00980341    121.351    0
0.0120726    142.392    0
0.014457    163.246    0
0.0169624    184.015    0
0.0195951    204.77    0
0.0223614    225.568    0
0.0252682    246.453    0
0.0283225    267.459    0
0.031532    288.617    0
0.0349043    309.95    0
0.0384479    331.477    0
0.0421715    353.216    0
0.046084    375.18    0
0.0501953    397.381    0
0.0545152    419.828    0
0.0590545    442.529    0
0.0638243    465.489    0
0.0688362    488.713    0
0.0741026    512.204    0
0.0796364    535.963    0
0.0854512    559.989    0
0.0915611    584.283    0
0.0979813    608.84    0
0.104727    633.658    0
0.111816    658.73    0
0.119265    684.05    0
0.127092    709.61    0
0.135316    735.401    0
0.143957    761.413    0
0.153038    787.632    0
0.162579    814.046    0
0.172605    840.639    0
0.18314    867.397    0
0.19421    894.3    0
0.205842    921.329    0
0.218065    948.465    0
0.230908    975.684    0
0.244403    1002.96    0
0.258583    1030.28    0
0.273483    1057.6    0
0.28914    1084.9    0
0.305592    1112.15    0
0.322879    1139.32    0
0.341043    1166.38    0
0.36013    1193.29    0
0.380186    1220.01    0
0.401261    1246.51    0
0.423405    1272.76    0
0.446674    1298.7    0
0.471124    1324.3    0
0.496815    1349.53    0
0.523811    1374.33    0
0.552178    1398.66    0
0.581984    1422.47    0
0.613304    1445.73    0
0.646215    1468.38    0
0.680796    1490.38    0
0.717133    1511.68    0
0.755314    1532.23    0
0.795435    1551.99    0
0.837592    1570.91    0
0.88189    1588.94    0
0.928437    1606.03    0
0.977347    1622.15    0
1.02874    1637.24    0
1.08274    1651.27    0
1.13949    1664.19    0
1.19911    1675.95    0
1.26177    1686.54    0
1.3276    1695.89    0
1.39678    1703.99    0
1.46947    1710.81    0
1.54585    1716.3    0
1.6261    1720.45    0
1.71044    1723.24    0
1.79905    1724.64    0
1.89216    1724.65    0
1.99    1723.24    0
2.09281    1720.42    0
2.20084    1716.17    0
2.31435    1710.5    0
2.43363    1703.42    0
2.55896    1694.94    0
2.69066    1685.06    0
2.82904    1673.81    0
2.97445    1661.21    0
3.12724    1647.28    0
3.28779    1632.06    0
3.45649    1615.58    0
3.63375    1597.89    0
3.82002    1579.02    0
4.01574    1559.03    0
4.2214    1537.96    0
4.4375    1515.86    0
4.66457    1492.8    0
4.90317    1468.82    0
5.15389    1444    0
5.41733    1418.4    0
5.69416    1392.07    0
5.98503    1365.1    0
6.29068    1337.53    0
6.61184    1309.44    0
6.94931    1280.9    0
7.30391    1251.97    0
7.67652    1222.73    0
8.06804    1193.23    0
8.47945    1163.54    0
8.91174    1133.72    0
9.36598    1103.84    0
9.84328    1073.95    0
10.3448    1044.12    0
10.8718    1014.39    0
11.4256    984.823    0
12.0074    955.463    0
12.6189    926.358    0
13.2613    897.552    0
13.9364    869.087    0
14.6458    840.999    0
15.3911    813.324    0
16.1743    786.093    0
16.9973    759.335    0
17.8621    733.076    0
18.7707    707.338    0
19.7255    682.142    0
20.7288    657.505    0
21.783    633.44    0
22.8908    609.961    0
24.0548    587.077    0
25.2779    564.795    0
26.563    543.119    0
27.9135    522.054    0
29.3325    501.6    0
30.8235    481.756    0
32.3903    462.521    0
34.0366    443.889    0
35.7665    425.857    0
37.5842    408.417    0
39.4942    391.563    0
41.5011    375.284    0
43.61    359.573    0
45.826    344.418    0
48.1544    329.809    0
50.6011    315.734    0
53.172    302.181    0
55.8734    289.137    0
58.712    276.59    0
61.6947    264.527    0
64.8289    252.934    0
68.1222    241.798    0
71.5826    231.105    0
75.2188    220.842    0
79.0396    210.996    0
83.0544    201.553    0
87.273    192.499    0
91.7058    183.822    0
96.3637    175.509    0
101.258    167.547    0
106.401    159.924    0
111.805    152.626    0
117.483    145.642    0
123.45    138.961    0
129.72    132.57    0
136.307    126.459    0
143.23    120.616    0
150.504    115.032    0
158.147    109.695    0
166.178    104.596    0
174.617    99.7245    0
183.485    95.0719    0
192.802    90.629    0
202.593    86.387    0
212.881    82.3373    0
223.691    78.4719    0
235.05    74.7828    0
246.986    71.2625    0
259.528    67.9038    0
272.706    64.6995    0
286.554    61.6429    0
301.105    58.7276    0
316.394    55.9473    0
332.46    53.2961    0
349.342    50.7681    0
367.08    48.3579    0
385.719    46.0601    0
405.305    43.8698    0
425.885    41.782    0
447.51    39.7921    0
470.233    37.8957    0
494.109    36.0885    0
519.198    34.3663    0
545.561    32.7254    0
573.262    31.1619    0
602.369    29.6723    0
632.954    28.2531    0
665.093    26.9012    0
698.863    25.6134    0
734.347    24.3866    0
771.633    23.2182    0
810.813    22.1052    0
851.981    21.0452    0
895.24    20.0356    0
940.695    19.0742    0
988.458    18.1586    0
1038.65    17.2866    0
1091.38    16.4563    0
1146.8    15.6656    0
1205.02    14.9127    0
1266.21    14.1958    0
1330.5    13.5131    0
1398.05    12.8632    0
1469.03    12.2443    0
1543.62    11.6551    0
1622    11.0941    0
1704.35    10.5599    0
1790.89    10.0514    0
1881.81    9.56722    0
1977.36    9.10624    0
2077.76    8.66735    0
2183.25    8.24949    0
2294.1    7.85162    0
2410.58    7.4728    0
2532.97    7.11208    0
2661.58    6.76857    0
2796.71    6.44144    0
2938.71    6.12985    0
3087.92    5.83303    0
3244.7    5.55022    0
3409.44    5.28069    0
3582.55    5.02373    0
3764.44    4.77864    0
3955.58    4.54475    0
4156.41    4.32138    0
4367.44    4.10788    0
4589.19    3.90356    0
4822.19    3.70776    0
5067.03    3.51976    0
5324.29    3.33883    0
5594.62    3.16421    0
5878.68    2.99506    0
6177.15    2.83046    0
6490.78    2.66941    0
6820.33    2.51079    0
7166.62    2.3533    0
7530.48    2.19546    0
7912.83    2.03555    0
8314.58    1.87156    0
8736.73    1.70108    0
9180.31    1.52129    0
9646.42    1.32879    0
10136.2    1.11951    0
10650.8    0.888554    0
